10
10
0 0 1 0 1 1 1 0 1 1 
0 0 1 1 0 0 1 0 1 0 
0 1 1 0 1 0 0 1 0 0 
0 0 0 1 1 1 1 1 0 1 
0 1 1 1 1 1 1 0 1 1 
0 1 1 0 1 0 0 1 0 1 
0 0 1 0 0 0 0 1 0 0 
0 0 1 1 1 1 0 0 1 0 
0 0 1 0 0 0 0 0 0 0 
0 1 0 1 1 0 0 0 1 0 
15
0 1 0 1 0 0 0 0 0 1 0 0 0 0 0 
0 1 0 1 0 0 0 1 1 1 0 1 0 1 0 
0 0 1 1 1 0 1 1 0 0 1 0 1 1 1 
0 0 0 0 1 0 1 0 1 0 1 1 0 1 1 
0 1 1 1 0 1 0 1 0 1 0 1 0 0 1 
0 0 0 1 1 0 0 0 1 0 0 0 1 0 0 
0 1 1 1 1 1 1 1 0 0 1 1 1 1 0 
0 0 0 1 0 0 0 0 0 1 1 0 1 1 1 
0 0 0 0 0 1 1 0 0 0 1 0 1 0 1 
0 1 1 1 0 0 0 0 1 0 0 0 0 1 0 
0 0 0 1 1 1 1 1 0 0 0 1 1 1 1 
0 1 0 1 0 1 1 0 1 0 0 0 1 0 0 
0 0 1 1 1 0 1 1 1 0 1 1 0 1 1 
0 0 0 1 0 0 0 0 0 1 0 0 0 1 0 
0 0 0 0 0 0 0 0 1 0 0 0 1 1 0 
20
1 0 0 0 0 0 0 1 0 1 1 1 0 1 1 1 1 0 1 1 
0 1 0 0 1 1 1 0 0 0 1 0 0 0 0 1 1 1 1 0 
0 0 1 1 1 0 1 0 1 0 0 1 0 0 1 0 1 1 0 0 
0 0 1 1 1 0 1 1 1 0 0 1 1 0 0 1 0 1 0 0 
0 1 0 0 1 0 1 1 0 1 1 1 1 1 1 1 0 0 1 0 
0 0 1 1 0 0 1 0 0 0 0 0 0 0 1 0 1 1 0 0 
0 0 0 1 1 1 1 0 0 1 1 0 0 0 0 0 0 0 0 0 
0 0 1 1 1 0 0 0 1 1 0 0 0 1 1 0 1 0 1 0 
0 0 1 1 1 0 1 1 0 1 1 1 1 0 1 1 0 1 1 0 
0 0 1 1 0 0 0 1 0 1 0 0 1 1 1 1 1 1 0 1 
0 0 1 0 0 1 0 0 0 0 0 0 1 1 1 1 1 0 1 0 
0 1 1 1 1 1 0 0 0 0 0 1 0 1 0 1 0 1 0 0 
0 1 0 1 0 0 1 0 0 0 0 1 0 1 0 0 0 1 0 1 
0 1 1 1 0 0 1 0 1 0 0 0 0 1 0 1 1 1 1 1 
0 0 1 0 1 1 0 0 0 0 1 1 1 1 1 0 0 1 0 0 
0 0 0 1 1 1 1 0 0 1 0 1 0 1 1 0 0 0 1 0 
0 0 1 1 1 1 0 1 0 0 0 0 1 0 0 1 1 1 0 1 
0 1 1 0 1 1 0 0 0 0 1 1 0 1 1 1 0 1 0 0 
0 1 1 0 1 0 0 0 1 0 1 0 1 1 1 0 0 1 0 0 
0 0 0 0 1 0 1 1 1 1 1 1 0 0 1 0 0 0 0 0 
30
0 0 0 0 0 0 1 1 0 0 1 0 1 1 0 0 1 0 1 0 1 0 1 1 0 1 0 0 1 0 
0 1 1 0 0 1 1 1 1 0 0 0 1 0 1 1 1 1 1 1 0 0 1 1 0 0 0 0 0 0 
0 1 0 0 0 1 1 1 1 0 0 1 0 0 1 1 1 1 0 1 0 0 0 1 0 0 0 0 0 1 
0 1 0 1 1 0 0 1 1 1 1 0 1 0 1 1 0 0 0 1 1 1 1 0 1 0 0 0 0 0 
0 0 0 0 1 0 1 1 1 1 0 1 0 1 0 0 0 1 0 1 1 0 1 1 1 1 1 0 0 0 
0 1 1 1 1 1 0 0 0 1 1 0 0 1 0 0 0 0 0 0 0 0 1 1 1 1 1 0 0 1 
0 1 1 1 1 1 1 0 0 0 0 1 1 0 1 0 0 0 1 0 0 1 0 1 1 0 1 0 1 0 
0 1 0 1 0 0 1 1 1 1 1 1 1 1 0 0 1 0 0 1 1 0 0 1 0 0 0 0 1 0 
0 1 1 0 0 0 0 0 0 0 1 1 0 1 1 1 0 1 1 1 1 0 0 1 1 1 0 0 0 0 
0 0 0 0 0 0 0 1 0 1 1 0 1 1 0 1 0 0 1 1 1 0 1 1 0 1 1 0 0 0 
0 0 1 0 0 0 1 0 1 1 0 0 1 1 1 1 0 0 0 0 0 1 1 0 1 1 0 0 1 0 
0 0 0 1 0 0 0 1 0 1 1 1 1 0 1 0 0 1 1 0 1 1 0 1 1 1 0 1 0 0 
0 1 1 0 0 0 0 1 0 1 1 1 1 1 1 1 1 0 0 1 1 0 0 0 1 0 1 1 1 0 
0 0 0 0 1 1 1 1 1 1 0 1 0 0 0 0 1 1 0 1 0 0 1 0 1 0 0 1 1 1 
0 0 0 1 1 0 1 1 0 0 1 1 1 0 1 1 1 1 1 0 0 0 1 0 1 1 0 1 0 0 
0 1 0 1 1 1 0 1 0 0 1 0 0 1 1 1 1 0 1 0 0 1 0 0 1 1 1 0 1 1 
0 0 1 1 1 1 0 0 0 0 0 1 0 0 0 1 1 0 0 1 1 1 0 1 0 1 0 0 0 1 
0 0 1 1 1 1 0 0 1 0 1 0 1 0 0 1 1 0 0 1 1 1 0 1 0 1 1 0 0 0 
0 1 0 0 1 0 0 0 1 0 0 0 0 1 1 0 1 0 1 0 0 0 1 0 1 1 0 0 0 0 
0 1 1 1 0 0 0 0 0 0 1 1 0 0 1 0 0 1 0 1 0 1 1 0 0 0 1 0 1 1 
0 1 0 1 1 1 0 1 1 1 1 1 1 1 1 0 1 0 1 1 0 0 1 1 1 1 1 0 0 0 
0 1 1 0 0 1 1 1 1 1 0 0 1 0 1 0 0 1 1 1 0 1 0 0 0 1 0 1 1 1 
0 1 1 1 0 0 1 1 1 0 1 0 0 0 0 0 1 1 1 0 0 1 0 1 1 0 0 0 1 0 
0 1 1 1 1 0 1 1 0 1 1 0 0 1 0 1 1 1 0 1 1 1 1 1 1 1 0 0 0 0 
0 1 0 0 1 0 1 0 0 0 1 1 0 1 0 0 1 0 1 1 0 0 0 0 1 1 0 0 0 1 
0 1 1 0 0 0 0 0 1 1 0 1 0 0 0 1 1 1 0 0 0 1 0 1 1 0 1 1 1 0 
0 0 0 1 1 1 0 1 1 1 1 0 0 0 1 1 1 1 1 1 0 1 1 1 0 1 0 1 1 1 
0 1 0 1 1 1 0 0 0 0 1 1 0 1 1 1 0 1 1 1 0 0 0 1 0 1 0 0 0 1 
0 0 0 0 1 1 1 0 1 0 0 0 0 0 1 0 0 1 0 1 0 0 1 1 0 1 1 0 1 1 
1 0 1 0 1 0 1 1 1 0 1 0 0 1 1 1 0 0 1 0 1 0 1 1 0 0 1 0 0 0 
50
0 0 0 1 1 0 0 1 0 1 1 1 1 1 0 1 1 1 0 1 1 0 0 1 0 0 0 1 0 1 1 1 1 0 1 1 1 1 0 1 1 1 0 1 1 1 0 1 1 1 
1 0 0 0 0 1 0 0 0 1 0 1 0 0 0 0 0 1 0 1 1 0 1 0 0 1 0 0 0 1 0 1 1 1 1 1 1 1 0 0 0 0 0 0 1 1 0 0 1 0 
1 1 1 0 0 1 1 1 0 1 0 1 1 1 0 0 0 1 1 1 1 0 0 0 1 0 1 1 1 1 0 1 0 0 0 1 1 1 1 1 1 1 1 0 1 0 0 0 0 1 
0 1 0 1 1 0 0 0 0 0 0 0 1 1 0 0 0 1 0 0 1 0 0 0 1 0 1 1 0 1 0 0 0 0 0 0 0 0 0 1 1 0 0 1 0 1 1 0 1 1 
1 1 1 1 0 1 0 1 0 1 0 1 0 0 0 1 0 1 1 0 1 1 1 0 0 1 0 0 1 1 1 0 1 1 0 0 0 1 0 0 0 0 1 1 1 0 1 1 1 1 
1 1 0 1 0 0 1 1 1 0 1 1 1 1 1 0 0 1 1 0 1 0 0 0 0 1 1 0 1 0 1 1 0 1 1 0 0 0 0 1 1 1 0 1 1 0 0 1 0 0 
1 1 1 1 1 1 1 1 1 1 1 0 1 1 0 1 0 0 0 1 0 1 0 0 1 0 1 1 1 0 0 1 0 1 0 1 0 1 0 0 1 0 1 1 1 1 1 1 0 0 
1 1 1 0 0 0 1 0 1 1 0 0 0 0 1 0 1 0 0 0 1 1 0 1 1 1 1 0 1 1 0 1 1 0 0 1 1 0 0 1 1 1 1 0 1 1 0 1 0 0 
0 0 0 0 1 1 1 0 0 1 0 0 0 1 1 1 0 1 1 0 0 0 1 0 1 0 0 0 0 1 1 0 1 1 0 1 1 1 1 0 1 1 0 0 1 0 1 1 0 0 
0 0 1 0 1 1 0 0 1 1 0 0 1 1 1 1 0 0 1 1 0 0 0 0 0 0 1 1 1 0 1 0 1 0 0 0 1 1 1 1 1 0 1 0 0 1 1 1 0 1 
1 1 0 1 1 0 0 0 1 1 1 0 0 1 0 0 0 0 0 1 1 1 0 0 0 0 0 0 0 0 1 0 0 1 0 1 1 1 1 0 1 1 1 1 0 0 0 0 0 0 
0 0 1 0 0 0 1 1 1 1 1 1 1 1 0 0 1 0 0 1 0 1 0 0 1 1 1 1 0 0 1 0 1 1 0 0 1 0 1 0 0 0 1 0 0 0 1 0 1 1 
1 0 1 1 1 0 0 0 0 0 0 1 1 0 1 0 0 0 1 0 0 1 1 1 1 1 0 1 0 1 0 0 1 0 0 0 1 1 0 0 1 1 0 0 0 0 0 1 0 1 
0 1 1 0 0 1 0 1 1 0 0 0 0 1 1 1 0 1 1 0 0 1 0 1 1 1 1 0 0 0 0 1 0 1 0 1 0 0 1 1 1 0 0 1 1 1 0 1 0 0 
1 0 1 1 0 0 0 0 0 0 1 0 1 0 1 0 0 0 1 0 1 0 1 0 1 1 1 0 1 0 0 1 0 1 1 0 0 0 1 0 0 0 0 1 1 0 0 1 0 1 
1 0 0 0 1 0 1 1 0 0 1 0 1 1 0 0 0 1 0 1 1 1 0 1 0 1 1 1 1 0 0 0 0 1 1 1 0 0 0 1 1 0 0 1 1 0 1 0 0 1 
0 0 0 1 1 0 1 1 0 0 1 1 1 1 0 1 1 1 1 1 1 0 0 0 1 0 0 1 0 1 1 0 1 0 0 1 0 0 0 0 1 0 1 1 1 0 0 0 1 0 
0 1 0 1 1 1 1 0 0 1 0 0 0 0 1 0 1 1 1 1 1 0 1 0 0 0 1 1 1 0 0 0 1 0 0 1 0 1 1 1 1 1 1 0 0 0 1 0 1 1 
1 1 0 1 0 1 1 1 1 0 1 1 1 1 1 0 0 0 1 0 0 0 1 1 1 1 1 0 1 0 0 0 0 1 1 0 1 1 0 0 0 1 1 0 1 1 1 0 1 0 